80 80
9.18722	2.67028	9.05406	8.99855	8.94728	0.73636	2.26364	8.46443	0.32163	5.22083	8.57622	5.36241	0.87214	1.85688	7.77808	8.50122	3.56908	2.73372	6.72344	2.13735	5.29142	0.34584	0.12340	1.49997	0.50367	2.99432	6.76714	3.60898	2.66932	8.08607	1.63502	2.22092	7.06064	1.70051	2.97108	8.79825	5.29151	1.21107	6.70417	5.30245	1.29957	4.57135	1.71882	9.79116	0.32107	8.89692	4.12771	2.61949	4.22244	8.60148	9.81042	5.43484	8.58399	6.25877	4.71988	2.55253	1.44992	6.03457	1.41199	4.43727	2.06432	7.39097	2.90504	6.20519	4.86947	1.99119	8.53474	1.25402	9.06630	1.75370	4.13046	2.01225	9.16363	6.78915	0.27479	2.23653	6.45857	8.55750	1.73477	7.12027
7.68057	8.03493	2.59228	3.75420	9.08540	3.49250	0.16825	2.77095	7.43711	3.44166	6.46471	2.29646	3.69511	6.05575	3.05949	9.29658	5.62191	6.07951	8.11640	4.89030	2.46640	8.55254	6.54086	3.37697	4.78027	3.75812	3.91245	8.01167	8.55349	9.21465	1.96372	4.74677	3.01886	6.06468	5.56865	5.77949	8.50421	8.67069	5.39093	4.47177	8.26948	3.99903	8.75212	7.99597	7.00835	9.16788	5.73589	2.33587	1.52953	4.51626	8.23525	9.46068	3.51476	7.07045	5.81305	0.72875	2.25521	6.87995	9.06494	4.92467	0.34736	0.79539	7.50070	4.08059	0.32813	9.27705	7.55353	3.26313	3.65504	8.77350	8.71281	9.07580	0.56124	2.17425	8.99279	1.45156	1.49944	4.33980	2.02585	7.11849
1.87942	4.20436	1.25269	1.53871	3.67134	5.36589	4.25584	0.35647	4.16179	7.09430	5.88105	4.91742	7.05497	1.05294	1.88392	8.86138	4.94778	2.76863	4.64319	5.23237	3.61461	7.50831	5.48861	7.09714	7.89664	4.17155	3.22608	0.53937	2.84211	0.84592	4.57423	7.02119	1.41611	6.92873	2.12491	6.78430	8.10522	0.53575	9.27700	2.52782	0.04530	9.87789	9.05307	3.98142	3.92006	0.57129	8.12648	7.68119	5.01077	2.97970	5.02835	2.72895	3.07022	8.84039	8.41732	4.64762	4.87482	1.56929	0.02422	2.51978	7.22213	9.61952	1.91583	5.04322	0.25259	9.59884	1.30480	4.58792	6.57632	5.81055	2.31948	6.04806	2.96625	6.73041	8.53583	7.20860	9.62691	2.20693	3.76322	7.56261
3.41019	3.76468	3.11021	1.76463	3.39963	7.01460	7.11156	0.43154	2.15059	2.90156	2.41463	8.36486	1.12608	3.77791	3.37324	7.99092	4.33532	5.21142	4.73133	1.49328	8.26595	2.59354	6.03298	4.18897	4.95805	8.93104	2.54511	8.42717	0.33043	3.76037	9.84478	9.68146	6.65658	0.40112	6.63196	0.66051	1.90529	9.36110	2.14932	0.35713	0.91054	4.87393	4.55736	8.73853	8.51932	3.87437	2.96374	8.46699	3.02205	2.18622	3.21165	5.28568	0.05004	4.62403	5.77990	7.37503	4.51693	7.72098	6.19102	3.05314	3.40105	5.45161	3.33385	6.37394	1.51266	8.58055	1.87057	2.03090	3.97487	4.59867	2.60505	5.82260	7.15971	2.48021	0.73603	2.25020	9.03249	8.50645	4.99409	7.54999
8.18635	9.74023	9.95698	6.05347	8.24199	0.13712	1.88901	8.57356	8.05509	2.33170	8.32076	8.83418	4.68781	0.22379	4.70250	8.65114	3.93781	9.92609	2.49763	1.06098	3.78823	9.34686	3.20768	8.00916	5.28268	3.87040	5.93319	7.44543	4.02603	2.11513	6.14022	4.69101	3.46799	8.23755	1.76981	4.82181	1.61468	0.80108	8.09272	9.28171	6.98085	0.43341	6.46968	8.35227	5.26634	2.01514	8.44911	3.30176	8.91503	9.36290	2.08740	1.04192	5.88890	3.35622	4.28432	3.37590	0.62923	9.27989	5.70842	5.87574	1.23342	8.54193	1.85562	7.82296	8.54015	2.88283	0.82980	9.03817	6.32611	4.83181	9.66554	7.30302	9.62727	8.12458	8.33444	5.82896	6.59235	5.99967	8.79705	2.46691
4.26538	9.42638	9.83737	3.02363	2.63005	0.16825	2.39017	5.71017	3.90550	4.57710	4.16223	7.79168	3.54225	2.07350	4.79838	5.20293	9.34278	1.37181	2.76420	2.95217	3.42755	2.32818	9.68547	9.43088	4.27754	5.62032	6.13013	2.32691	4.77379	3.63298	1.50299	1.99218	1.17053	7.12528	1.91890	7.82253	2.80743	5.05087	6.22787	7.82656	0.04419	7.28039	7.21899	9.18221	7.34763	2.98445	2.19974	7.98610	9.02325	1.86120	5.00142	5.17663	6.88056	4.92256	9.63695	2.24809	9.33154	1.67027	5.12455	5.15026	0.15776	2.90876	9.44240	5.35994	1.51232	1.47456	6.74487	6.37033	9.28557	1.62429	2.30874	5.93074	0.66432	4.68382	2.96365	1.59944	9.67333	7.86024	7.24516	7.30602
5.85730	1.04269	3.29715	8.37625	4.58373	3.49092	0.61064	6.64639	3.08062	8.27560	8.64449	5.80669	6.75986	8.40319	0.63226	4.40802	3.04252	1.21522	3.92480	6.28778	4.96568	9.85014	4.76982	7.81960	1.12151	2.57153	8.30869	3.24009	5.50717	9.98534	9.01038	1.01492	0.30853	8.05586	3.33601	2.85165	6.38217	9.61648	0.32320	4.91989	8.25587	2.82010	8.90541	5.36021	9.24476	9.80185	5.92629	0.00946	0.73766	4.09800	3.48683	0.15206	9.41507	6.48596	3.75478	7.90175	1.47479	5.63067	6.12846	7.76947	5.08999	1.58938	8.53358	0.54169	6.55440	8.87888	0.61307	0.90340	7.88179	5.37688	1.31117	9.92625	7.10618	4.59952	1.56743	9.48704	9.47965	8.99909	0.16464	4.03972
8.18235	7.49878	8.80720	6.26303	8.66143	2.96468	7.84092	3.86524	7.86470	6.84051	4.99891	6.34013	4.73217	1.37749	3.42163	2.24701	1.46379	2.86300	3.66870	1.49550	1.57370	5.24278	4.15681	5.68102	1.64672	5.21837	9.41757	7.55865	4.08442	8.08620	6.15452	4.81762	7.28173	1.71256	3.59338	1.82406	2.42466	1.46135	5.41276	7.53309	6.44995	2.66886	5.56608	2.08445	7.22746	9.61023	4.21138	6.33766	4.27715	4.45245	0.31723	5.88999	4.48790	8.04321	0.19296	7.43337	8.85142	7.91989	0.77237	2.87453	8.91943	5.52199	8.49737	0.15446	9.99630	4.05385	2.66011	9.31506	9.06244	1.15494	4.08610	4.61727	3.35855	8.48990	8.94236	2.12541	9.80557	5.84051	6.97049	8.53405
1.41479	9.08755	2.31049	7.98902	2.79657	2.02738	5.82903	1.47184	1.80228	2.85758	5.60464	0.61972	4.93264	9.91112	5.31215	3.30390	0.27159	0.84121	0.50456	1.28599	9.72344	8.29124	9.88650	0.55357	7.10295	5.48656	5.46565	2.27798	7.91735	6.80371	3.75132	3.35193	3.01091	7.00394	4.70555	4.59208	9.98948	7.94944	8.85604	9.44767	0.70178	6.25431	2.83208	4.53697	5.40876	3.55861	5.49933	5.93360	9.65369	6.18695	1.60306	3.25669	0.22510	9.01697	5.14670	4.01764	0.12554	8.42658	1.34193	1.18609	8.01218	3.82986	9.84540	9.02252	2.99558	8.18235	6.72752	6.52119	7.69244	8.32793	7.10914	5.23168	0.43971	3.66771	8.98657	7.96707	4.97638	6.24644	0.30823	7.04203
1.68564	2.63275	7.39208	8.43060	9.25318	1.63496	0.75384	3.53214	3.64451	2.34408	6.98631	4.72615	8.86671	1.02535	4.83388	1.22486	0.48115	4.29788	7.65215	1.25094	8.20071	6.28970	0.22595	7.96692	1.12284	0.28572	5.02062	7.65578	4.26552	9.86487	7.07746	6.24169	5.65972	5.58985	5.61576	1.63150	1.39729	2.98045	6.56253	9.31566	3.06785	0.33696	2.82355	5.66238	6.45102	9.65247	9.40097	3.80014	2.62644	2.77710	4.17118	6.64104	2.93069	5.76894	0.46738	9.70388	5.21702	3.47668	4.12981	5.92134	6.00704	1.33387	9.98428	1.95228	4.33425	3.90265	0.56827	9.85620	9.97839	2.72896	6.87507	0.01016	9.10010	4.70134	3.73769	5.04561	1.50175	6.80050	6.06523	8.22683
4.90603	9.19632	0.13727	5.05837	3.31866	3.44051	8.26103	4.80591	9.80364	7.98932	7.77040	9.21341	0.86564	4.02926	7.70184	1.23412	3.67444	5.82192	7.55747	3.76142	6.96817	2.90133	4.61153	0.44549	1.36543	4.73213	1.33689	0.86416	0.16421	4.91562	4.83293	4.28235	2.20615	7.79342	8.30030	3.29903	5.55729	2.95406	1.90514	6.62533	2.14911	5.53191	7.42666	8.83589	7.41281	8.80318	2.27048	1.35806	6.78892	2.00854	4.60494	9.17953	6.91510	0.77588	9.56629	6.87780	9.70175	9.50056	2.36020	5.85026	2.77361	4.64642	5.64153	0.97488	1.58506	2.81701	6.92009	8.18463	5.63953	6.23295	1.59022	1.93232	1.39954	4.35564	6.21831	5.51815	5.97784	4.00678	8.68554	5.96785
0.17516	3.42614	9.38244	8.55620	3.80994	7.37420	1.00973	1.31328	4.92313	3.25414	8.03455	4.20599	4.12364	1.18978	0.54447	7.29221	7.31887	5.50201	5.55104	5.60054	1.10109	3.24486	4.60973	7.13552	4.70901	0.32013	0.13850	4.19914	4.82427	8.33372	8.13570	6.69881	3.49951	6.99541	6.43272	9.56454	0.07847	1.31191	7.88975	1.10950	7.24242	0.94026	5.60121	5.50315	8.98245	7.75447	2.00011	9.55083	1.40404	2.54833	3.22963	4.74974	6.87977	1.20036	4.38085	1.44428	3.74493	3.34477	0.30599	6.08402	9.53951	9.66679	1.47370	9.84106	4.44440	6.69008	6.25595	2.03895	4.82188	2.82494	4.92107	2.18760	7.20115	4.15571	0.24739	4.52881	2.88370	0.02773	0.20000	8.72836
2.32949	8.01447	4.76925	2.33353	9.90323	2.95046	5.37837	1.22612	3.88545	8.59023	1.29928	4.57171	4.73657	1.12537	6.39224	4.04310	1.67206	3.33039	3.05361	3.15103	0.94540	4.79759	3.02758	9.52810	4.27482	0.05545	2.66701	0.99170	0.82989	8.14880	3.94829	0.60084	9.21095	1.56424	7.74802	5.59239	5.77828	6.87672	0.40719	7.57117	0.64563	9.86142	7.06241	4.17026	9.94772	7.84414	5.99335	8.28020	0.10821	7.99072	2.56658	6.30364	3.03681	6.87097	7.83986	2.91370	8.16060	0.28616	0.12762	7.57702	1.86396	6.26442	4.46739	2.43980	9.80209	8.56246	3.41282	6.48394	8.46318	0.68201	1.92191	8.19436	6.29166	7.65648	5.55390	8.75262	5.86928	8.43406	8.54385	8.84627
8.93291	1.26054	4.01076	9.33865	8.95877	8.77472	5.61658	0.30639	1.29441	4.36203	4.98676	0.69240	0.89546	5.27856	3.53279	1.74209	5.85902	9.56164	2.78058	3.10893	8.65761	1.82982	8.87496	6.23923	1.50761	3.65735	6.86340	1.97124	2.82383	3.48381	6.56348	5.40245	3.42382	0.30962	9.47339	0.96171	6.84398	9.32580	1.95723	3.76080	8.12351	9.78740	1.76584	2.31755	7.44340	8.28632	8.94270	5.59724	2.50025	7.25045	8.43853	6.58241	5.43908	2.84956	2.67697	8.66880	6.80939	5.60310	9.32807	3.73365	4.47612	8.63736	1.41451	6.64672	3.39827	6.47279	4.95700	5.25491	4.64391	4.36846	9.32331	3.26865	7.76373	3.65379	0.20982	0.56944	9.57324	6.50547	5.27262	0.05330
6.70722	5.44584	4.50707	1.72003	4.63299	0.21281	4.03879	0.22886	6.80103	1.05940	5.05416	9.20534	4.12176	1.26103	8.26587	4.11229	6.34730	1.49667	6.63699	2.61640	5.48949	0.59025	2.07790	3.14475	4.12795	6.20764	5.47910	7.45765	4.34171	1.39793	9.14698	9.58292	6.87057	6.64114	0.32513	4.98867	1.07243	6.18590	5.79415	4.13146	2.58219	7.22924	4.89515	5.62566	1.33774	4.28267	0.24076	6.66028	1.42822	9.76395	4.03665	8.45818	8.30108	1.46884	5.45157	4.38707	6.19815	2.52423	9.90499	2.25422	2.60189	5.99801	3.72975	8.09063	3.04898	1.39409	0.18775	3.08752	9.25069	9.46033	7.28259	5.41264	6.42248	8.29189	4.96028	0.52713	7.04829	4.58749	4.58319	0.25026
5.97184	2.45637	5.15148	5.79162	5.21281	3.37508	4.89597	8.75272	6.14483	4.80782	0.45287	6.37143	1.46978	9.78786	9.60828	2.20079	0.84752	4.07620	2.51580	6.35879	6.11622	3.54431	4.47798	8.36078	6.28379	4.69018	0.79950	4.15049	2.59743	7.21844	5.36130	6.15001	7.95351	7.25803	6.57940	0.38175	2.89374	8.74853	2.82454	7.45606	1.10392	1.28667	8.02236	1.40309	3.31815	8.75108	7.95188	4.33901	5.54576	6.09281	0.47687	3.11932	7.30932	5.84009	7.38722	8.56039	1.51813	6.11666	1.57763	5.04445	0.86156	3.77110	2.22853	6.87510	0.86451	6.76912	4.10146	4.35516	4.08251	3.23681	4.34949	0.87103	8.61304	5.77037	9.58534	3.57148	9.49550	3.70737	6.44873	6.64470
8.66274	5.65013	8.74730	9.82529	1.60559	6.06274	9.80649	1.06126	4.55970	2.16133	5.37004	1.26570	9.70200	8.76860	6.27970	5.38821	0.76018	8.92740	6.95378	5.11889	8.12147	0.43955	8.08580	9.62547	0.24390	3.06481	6.07414	7.63155	3.90328	0.86264	0.07067	2.73583	7.33983	0.72193	8.76218	2.51258	8.33150	4.90056	8.60774	6.85847	2.37147	5.72301	3.75770	6.69304	8.42896	5.00299	7.26533	5.29740	3.40051	5.99061	9.68837	1.66383	6.99566	5.72020	7.35287	8.64092	9.41056	6.58778	0.38934	1.95607	7.99611	9.99349	6.45335	5.00682	0.65167	7.69166	4.80348	4.92618	2.84553	6.30245	3.54912	4.50147	9.56619	5.53032	8.08215	8.11495	2.41440	7.67570	0.07865	6.43283
5.77118	2.97718	4.53893	0.15461	3.22136	2.73481	7.08731	3.16554	1.42644	8.13694	9.82147	7.76710	1.77696	3.93128	0.92695	6.83460	7.46542	6.37415	0.85479	0.30378	0.94364	7.98855	9.04743	7.23895	8.10774	5.93249	4.11895	1.63951	4.48416	4.01819	6.76408	9.20318	0.39240	3.00153	2.80424	5.73289	7.98559	4.78026	9.59636	5.34258	7.08320	1.18458	1.79529	4.05703	3.66158	0.88816	7.83917	6.90287	0.52603	3.07773	5.49074	3.37577	9.89478	9.03976	3.02685	9.27409	1.88941	6.27689	5.60429	3.60164	4.63748	0.02945	6.93242	5.47492	3.75400	4.17596	9.26359	9.15846	1.24928	8.87706	8.62198	2.10622	7.73089	4.93286	9.36876	2.67748	0.26287	9.65706	4.13712	6.00338
0.22088	4.90423	1.86855	8.64598	5.84768	3.68119	9.78851	1.40967	0.97528	0.32454	8.29383	1.18129	3.26540	4.08537	4.10143	4.09834	9.23237	6.45097	5.12920	4.67256	8.28949	9.08634	7.73664	2.39710	1.29218	9.46154	1.33817	6.44518	7.66593	2.04104	4.96224	9.81127	1.33807	2.59104	8.41221	8.60731	7.45479	8.76173	9.30571	2.65551	6.25053	1.76824	2.36347	1.59089	2.79393	1.59353	6.84477	0.19960	1.95239	4.38724	2.29344	9.34546	6.97810	9.40720	7.03538	5.13334	0.84823	8.91715	9.39409	0.59842	1.86535	0.17913	9.16449	2.44997	7.03304	4.34828	3.58179	7.72728	9.13533	8.58485	2.58613	0.88150	9.32963	1.80027	6.11239	4.56155	9.74522	8.25615	2.45010	7.86301
4.63019	2.32353	0.07100	7.07701	3.12765	8.29809	5.02743	3.53902	9.76995	7.44090	0.06458	1.43924	4.45903	0.51288	0.35767	3.00427	4.80143	2.05336	9.12867	6.62998	0.18339	0.96192	1.00970	6.96391	2.82850	9.23444	8.89014	4.01277	8.19382	9.07671	5.77736	0.79550	7.46601	8.48161	1.33694	4.45466	6.38714	3.91439	0.57348	4.88195	1.60494	7.48670	4.81431	2.13988	9.22431	1.97722	7.07641	5.05703	5.21359	2.73992	8.36570	2.72888	7.94710	3.65630	0.94875	6.63442	4.44847	9.81818	4.10645	9.02628	6.67081	1.62207	6.73214	1.61710	0.88410	2.55411	3.28236	4.06056	9.16862	2.56913	8.14361	7.52429	1.58726	2.89232	0.30855	6.73714	3.39951	8.15101	6.16499	5.53852
5.30700	9.48942	6.38579	9.55399	8.01443	7.09822	4.71735	5.44684	2.43503	7.91065	1.33460	7.95132	5.20438	8.58860	5.25191	4.58072	4.50022	0.27588	1.09155	4.53309	9.16581	6.39820	7.76433	0.53521	4.15339	4.85640	5.04374	1.99402	9.01324	4.53093	8.29173	7.77731	2.85822	8.23179	5.96499	5.33540	1.30644	1.17163	7.61933	4.45633	5.26579	8.23181	5.63246	5.00603	9.50265	0.17312	5.57130	5.83428	1.52697	4.44918	8.33034	8.77912	8.81660	1.28423	9.41611	0.53246	0.71422	3.08600	3.20905	0.83331	6.55641	9.04735	8.59229	5.45382	0.73513	1.41984	4.25150	5.40638	6.29383	1.31368	2.13149	3.25938	8.43026	9.67807	7.76118	4.67181	5.60255	9.35112	8.08894	3.77271
3.01040	0.69094	9.55855	8.24351	7.39701	8.83946	7.92747	1.06557	0.19948	0.59109	1.32646	2.93854	2.63191	5.23730	6.94663	1.41526	4.17106	6.72289	2.72743	8.68312	0.51099	7.66151	9.84727	2.79772	6.18924	8.17721	7.54068	5.58113	8.14582	5.44479	2.98010	6.70128	1.89465	9.45726	5.83834	2.93997	2.75713	7.92121	7.46614	5.55219	9.33022	0.56329	0.57905	8.63930	4.82021	3.93509	7.97325	9.30863	2.22662	2.59491	7.14307	8.39446	8.43937	5.42868	5.36293	9.52933	9.35970	8.29195	3.10122	8.47415	3.81901	8.61246	8.88880	5.81191	6.37122	6.99992	8.02312	8.55197	7.23175	7.01023	2.30531	9.49434	7.21240	2.04931	9.71971	2.43332	0.03375	8.38552	8.24917	6.77969
0.33642	3.62670	8.06297	2.22313	1.66359	6.96437	7.28660	3.13663	7.76724	3.47630	0.52144	4.69098	8.44387	8.35698	3.38530	8.91450	4.16555	2.61355	1.42438	3.16601	8.07379	0.67745	3.52264	4.52465	8.73536	4.88887	4.05093	2.55501	5.06639	6.51825	5.22592	7.02663	0.79366	0.08186	4.20800	2.16624	6.61287	0.69277	4.54126	1.41142	3.37110	1.23515	4.96276	2.55203	4.69658	1.14306	4.48396	5.01779	3.03031	9.16062	3.45433	3.92919	4.72694	8.31360	3.77271	7.02307	5.31244	6.89630	8.33996	6.79406	0.77809	1.75405	7.90490	1.16210	6.18521	2.83383	1.50122	7.72465	0.28341	3.93315	6.45380	2.24963	6.40629	0.51806	7.58706	9.01525	4.38365	8.35283	4.19309	8.88102
6.76252	2.16380	0.09990	9.36996	1.39539	6.42841	6.03732	1.56583	7.90861	2.02810	3.15742	3.05854	6.27064	8.95716	4.25303	2.54869	0.21883	6.23616	9.02116	5.93257	1.71086	5.07178	5.11552	1.28423	3.18701	0.00557	9.72850	0.30517	7.39730	1.93678	7.42582	4.83910	1.58350	6.22040	9.25822	1.51853	1.39817	5.47620	3.77138	2.04121	4.72339	7.97592	6.57373	0.25125	6.92434	6.12616	3.29548	4.93701	8.54347	8.43750	8.33859	0.66558	5.96858	5.13821	4.31657	2.01236	1.50400	7.03749	1.78512	5.82114	0.51694	8.15423	7.58786	9.65411	1.46911	0.33398	5.86819	2.43140	6.78924	6.67504	7.37183	5.89293	3.43292	0.24605	4.69693	9.56705	6.58591	1.72384	8.69777	5.51682
1.44111	6.79198	7.58023	4.93256	0.87226	4.53968	5.76353	8.67145	0.75835	0.45696	0.07220	0.70995	2.35021	5.75227	6.57625	8.12345	5.65879	3.57269	4.95360	8.68245	4.69649	6.10081	1.30939	1.58554	3.82539	7.67228	1.30852	6.69262	8.32186	5.00530	2.04332	6.55543	8.05561	9.07155	8.44239	3.43859	1.80513	8.81748	0.48106	9.47148	4.61742	6.98626	1.20942	7.97472	6.00779	8.27588	4.30505	8.09516	2.53936	5.50315	2.07251	7.19057	6.62021	5.89622	4.90631	2.69871	1.87535	4.14373	4.64563	3.05833	8.97582	0.96061	9.53906	0.88205	2.76743	0.91238	5.80036	8.70321	6.55080	1.43490	8.20787	3.08952	4.26624	4.53833	1.49141	9.55296	2.82496	6.39900	9.91597	0.85358
0.84796	7.30568	3.49350	2.78587	0.02190	2.96560	8.28299	8.46709	3.77140	0.53447	6.04057	7.68832	2.59120	2.38073	4.17415	7.56150	7.34912	4.98901	0.28041	0.81009	9.04260	5.73667	7.44959	4.31594	5.98417	9.15355	9.79993	5.79646	0.46409	1.73307	7.02799	5.04524	6.01407	8.97216	3.15359	5.47541	9.56662	4.67474	3.99052	0.48398	2.19128	1.11516	9.84015	0.57788	6.89181	8.50254	9.69887	6.88428	0.72292	1.00978	4.72923	3.46386	6.28931	6.62585	0.48935	0.89635	1.73324	1.92396	4.11698	1.44635	9.79997	6.36766	9.43419	8.81229	3.49349	2.33342	2.38822	6.82721	0.64514	6.89163	8.55791	9.37989	6.91061	4.36362	1.95862	8.37320	0.38201	5.07418	7.69381	1.20076
0.67897	1.85693	8.28461	8.30850	4.96197	6.85751	7.50125	1.77371	2.83946	4.43337	0.88821	5.52819	9.40947	7.23655	8.43094	0.86784	6.11679	7.71868	5.32041	9.73351	4.88068	6.54231	0.35801	2.56590	3.56261	5.97927	1.76078	2.66788	8.08347	0.87430	2.75942	7.76576	4.24262	8.51494	7.88827	6.69968	9.88010	7.40754	0.25301	1.25591	8.03972	8.94487	2.98360	9.41577	8.03174	0.58443	2.33014	1.88597	8.49355	4.85235	4.59593	6.59936	1.95196	4.66402	7.98331	1.86745	6.73260	2.37224	5.40944	6.66415	4.10844	0.36372	2.99496	5.74984	7.23089	7.97917	2.77131	6.60772	2.69846	4.95083	1.82120	0.64195	6.89752	4.54664	3.61582	8.81214	0.31276	2.15961	6.31822	5.66324
9.81468	0.90279	0.28402	7.28662	9.58922	6.96012	2.18066	7.59780	3.70035	9.62185	7.14662	0.63048	1.57235	4.40907	3.17223	0.88774	8.31256	3.80695	8.01343	8.83916	3.94562	7.91068	0.37178	0.91243	9.27234	2.54006	1.14540	7.68181	4.11248	8.67364	4.25302	4.94747	9.22587	7.34838	7.12164	6.23269	7.62166	9.95481	7.46901	5.00379	7.91975	1.11774	5.10335	4.31328	6.88048	7.50117	9.55248	5.15429	3.35467	2.92831	6.77315	2.68557	0.55678	5.39630	8.15596	0.17346	0.61165	7.83882	5.78868	3.94571	0.85217	1.79527	9.31464	3.61991	5.68500	3.16743	2.85026	9.86041	0.29155	2.64351	5.85096	6.46081	9.02841	6.33529	6.41461	7.24519	6.03162	5.79042	7.06218	9.12579
9.35532	6.24812	1.97508	2.88362	3.67769	6.34679	0.92289	5.94783	6.19738	0.84894	5.97381	8.96449	2.48233	7.29361	9.72494	8.71681	9.14298	1.73727	8.23024	9.84593	8.56756	7.11712	9.60556	3.08280	4.47251	9.71582	3.30066	6.13718	3.81807	2.58513	9.85177	5.85237	4.51195	8.20419	9.69809	6.25916	6.27039	6.41412	7.44758	8.43122	4.82279	0.74842	4.94352	2.66210	3.43587	0.37613	7.01526	9.40451	7.82360	8.86255	5.66383	1.63863	0.37925	3.02676	0.40850	6.00929	7.98898	3.41522	1.41279	1.78502	8.67582	6.74260	7.65533	9.77598	4.95457	5.35091	8.45178	7.77326	1.30614	4.10512	0.76596	5.54121	3.37620	1.73757	7.60821	9.90827	3.01556	3.74834	4.90749	7.10984
5.52957	6.91922	8.70427	8.62160	4.90602	9.46599	0.42833	7.89456	1.04333	0.40510	3.05833	0.07067	0.69158	2.36370	6.54218	5.37155	4.52934	9.85690	5.76341	8.57613	6.59111	4.81027	9.82377	0.44330	4.39048	8.11406	1.31946	4.95485	4.24670	7.51077	6.16217	6.78200	5.63224	4.16051	1.94732	6.22381	0.87444	0.57339	6.81432	6.39023	4.23932	5.46907	4.79316	0.68580	4.37901	3.70010	8.00781	9.26981	4.53378	4.73975	9.93781	8.86462	4.80844	7.95123	6.80461	7.91899	6.69830	3.28551	4.55861	0.05418	1.58384	7.11322	5.90974	5.29537	7.28818	3.46708	3.69477	6.84809	2.85007	3.01894	0.29912	1.90691	4.51889	1.90735	8.82477	2.06019	3.46224	0.07440	4.76654	6.82295
9.58731	1.90090	9.63524	7.48158	0.78765	7.25150	9.64439	7.01193	5.66752	8.95336	9.17331	7.52556	3.97313	3.80457	9.19275	5.97019	0.92660	6.40096	6.21096	3.83373	0.34915	3.14372	4.85567	4.46071	5.95330	8.98979	7.86320	3.95883	6.90920	4.43618	1.42870	0.12565	3.05761	7.71344	6.57738	6.62921	4.41124	7.60043	5.33672	4.10725	7.87396	3.80060	8.48051	5.76294	1.41420	9.12343	8.18154	8.84825	8.51379	9.20842	1.19684	4.87358	6.30761	7.52771	5.61607	5.56797	8.59664	1.24536	9.74429	4.99294	2.52036	3.92043	9.97509	8.27116	0.44090	4.47293	7.09675	2.00833	2.14171	0.74548	2.66236	8.12355	5.65143	4.68410	6.25401	9.37228	8.58678	1.48288	4.66294	7.99824
3.50466	9.15482	7.87945	0.27161	1.22908	1.90719	5.80602	1.41802	3.40174	1.66041	0.73893	9.77176	2.56996	1.47638	4.10043	5.55802	3.74000	6.84568	0.39615	7.43848	5.33496	1.16680	0.32265	3.86187	5.71762	6.36759	8.51407	2.86337	8.58696	5.51959	4.56215	4.42676	8.67541	7.44796	1.01055	5.65875	3.32894	6.95552	1.66374	0.46775	3.11416	0.86863	3.26650	8.05014	9.01103	8.65639	4.53560	2.16392	9.27629	9.70516	4.41390	3.65937	5.27189	3.51639	5.06306	6.20305	0.43256	6.41421	7.47916	0.73042	8.01471	2.57790	5.11141	6.81016	9.91489	5.09069	8.09581	0.06047	7.84068	6.34458	2.75788	4.20158	3.21356	1.37839	7.33103	6.28847	3.86728	3.38118	7.06228	6.48191
8.57108	6.34721	1.13084	1.27504	3.87182	4.51951	4.70272	6.46139	7.88588	2.34420	0.14127	4.11486	9.60410	8.18336	6.97863	2.67847	1.93189	0.41273	1.34462	8.88384	3.23716	8.25501	6.19789	0.26629	4.63401	2.46927	2.58983	4.73385	3.78470	0.35001	7.93685	8.97796	3.57470	0.50236	9.63573	7.29503	1.34524	0.21809	9.58672	9.93457	3.71256	1.26974	6.18359	8.89215	8.51088	7.34471	3.67800	9.80296	2.11589	8.95452	1.95386	9.12507	7.77943	2.30859	4.41424	6.09701	3.52913	1.37058	4.66207	3.03897	8.50813	9.63802	4.83014	1.11660	4.62666	9.06901	6.75291	5.60082	2.35270	3.61056	7.97591	1.48129	0.66909	6.00625	7.04851	0.52834	0.36148	5.80657	6.42195	0.15460
4.70491	1.29010	7.93611	9.49338	0.52493	8.74985	4.16559	3.63703	9.73318	8.09583	6.60853	9.90531	0.18282	3.57598	0.34345	2.90901	1.98467	2.34346	4.85618	2.91486	4.13868	1.38260	7.15425	1.41037	6.34972	7.25025	0.92950	6.73970	4.53530	9.04076	1.36857	4.32228	3.41404	6.20445	9.41206	4.92804	4.72376	9.33733	3.45766	9.22583	1.40907	0.92379	3.67351	8.09925	0.33309	6.39413	8.43653	9.36137	5.12410	2.94807	4.02845	0.44560	5.65565	1.83665	2.90615	5.47629	2.81130	0.08505	7.89097	8.97205	7.96830	0.33664	7.15210	6.55047	9.72279	3.45663	0.76755	1.17591	1.90093	0.80177	3.66443	6.72339	2.92409	1.13728	9.79861	2.48086	3.90488	3.33834	0.51730	9.18384
7.82625	8.40530	0.90639	8.38548	9.00839	2.05941	6.02860	1.12325	8.33384	8.27023	6.68425	1.16180	3.16162	6.07840	6.62982	2.13784	5.16445	1.75785	5.93164	9.06711	9.09534	5.75091	2.12561	2.58335	2.05536	4.87738	7.24865	6.51548	7.74702	2.81819	1.72110	4.44474	4.01394	4.41904	6.28145	2.53852	0.48655	0.98527	5.66592	9.04340	1.32232	0.30651	4.88230	4.03066	2.28884	3.14868	6.36401	6.41982	3.17362	2.20813	0.18131	7.31282	3.59567	5.96136	9.31026	0.77585	7.83570	1.63909	9.21244	0.35784	8.73071	6.08987	6.46328	6.75659	7.01876	6.72249	9.17665	6.13803	0.07614	1.57767	0.84104	5.19612	6.63836	4.57429	7.28200	6.63758	9.65426	3.79639	3.50030	5.23421
4.46622	3.32287	1.12499	1.65228	9.68817	0.53046	1.83368	5.69641	9.60701	4.49030	8.78999	9.83011	4.33011	3.12582	6.34280	2.46376	8.00436	8.07718	2.27303	8.43842	0.12695	6.94723	7.73705	2.31780	6.34193	5.12224	2.32465	3.60911	9.81840	3.75118	6.55938	4.94443	6.50256	8.45408	3.10390	9.35494	9.10687	9.94513	7.67856	5.85064	1.12729	0.99406	6.48768	9.03917	6.42656	6.02017	9.36569	2.76423	9.31029	8.07605	1.47470	4.46936	4.43219	1.11156	8.85472	6.76630	0.85366	9.58026	1.28086	0.72241	7.31449	6.30293	0.54520	3.90551	6.21156	9.56416	1.72967	7.06404	8.66678	3.02551	4.65921	5.46728	6.45443	3.28804	2.97151	0.16727	0.53016	9.58691	2.75942	2.34202
2.81085	5.04520	4.66451	7.75620	7.26691	5.75668	3.52310	6.16079	2.30086	8.71118	2.77405	9.27067	5.85630	4.49664	4.94955	2.25544	1.16084	7.49918	2.57340	0.10626	6.88856	2.35828	8.37432	2.97724	7.18538	7.78918	7.29607	5.99649	3.43987	5.88533	4.30096	8.96192	6.59149	6.77363	0.97897	2.62507	8.96717	1.95405	6.26867	0.57105	9.40066	9.70763	0.96238	8.59264	4.43786	2.63567	7.38326	2.06131	3.67967	4.52893	6.37821	6.41947	7.33176	8.77318	7.86517	7.24007	2.55939	9.09184	4.11520	3.38719	4.99642	6.88542	9.70636	7.39676	3.88329	9.97681	8.57855	4.61995	0.59310	1.34046	1.86196	1.71820	2.61179	0.99734	0.36078	1.42527	4.95116	3.16331	5.31829	1.77302
5.39034	8.65882	0.47370	7.19432	9.89353	6.91201	6.69924	3.94692	3.45374	6.00084	4.57649	4.90568	9.31358	8.92906	4.34861	3.62033	2.87246	6.50951	3.95305	3.80175	2.89683	0.39043	3.39870	2.58499	5.63190	0.75882	0.02899	4.40207	4.18543	5.39374	7.05956	3.71476	7.25238	5.92925	3.95644	4.25901	7.64296	0.10609	2.17126	6.53661	6.00876	6.97578	8.02404	7.67214	3.36578	7.42544	8.44665	6.26457	2.84084	1.60940	0.60175	2.36550	3.32967	8.80469	1.58877	7.32219	0.61616	3.93998	7.31404	1.67745	2.97526	0.48456	9.16559	8.02241	1.07605	9.94349	3.36262	2.74791	5.39020	3.20345	2.63917	6.28084	7.42936	6.11092	0.78608	1.21028	9.27997	1.90293	0.73904	1.58982
9.17031	6.76854	0.89757	6.18350	5.98246	9.00296	2.69528	7.46315	2.34697	7.34838	5.69680	5.96221	5.02324	2.08928	1.58564	6.67344	8.97726	7.68133	2.27191	6.91637	3.76897	6.30013	8.51202	6.85123	6.94104	2.36280	4.24602	4.21339	1.11307	8.22401	1.85163	1.42789	2.92506	1.30701	2.34191	7.00816	2.35869	8.09549	0.63214	8.68031	8.87857	1.15153	5.91273	6.93049	8.85860	6.98729	0.06403	9.04764	7.50967	8.63897	7.24087	2.20200	4.34762	7.61743	8.96145	0.62443	1.01400	9.48161	9.43112	0.32694	3.59789	1.46673	0.84856	1.06580	1.55903	1.57605	4.70997	0.75452	0.57274	0.27901	7.22759	9.58188	5.88308	6.35162	1.01505	4.57049	5.25778	9.83195	6.90488	3.64122
4.54832	0.98623	8.70839	0.44426	7.39632	0.79693	5.84758	5.92212	3.67819	0.29744	0.72728	6.34815	3.23660	6.80403	7.29131	9.00892	5.78272	6.74894	9.50820	5.64197	7.34415	8.50709	4.58065	7.92964	8.34461	2.98275	5.44272	1.33843	4.37225	2.39814	2.31336	3.71647	0.03881	9.55035	5.13584	5.03534	1.95095	4.92187	7.47260	4.28319	9.34030	1.59871	4.28550	3.66577	8.83518	6.39677	1.35916	7.48212	5.69586	1.42725	2.12825	7.27914	7.35361	3.43498	5.91303	1.42819	1.31259	8.69446	7.06149	1.51974	8.08789	4.32959	3.41169	7.05153	3.35885	2.57696	6.42469	1.11405	6.93090	1.80420	3.86185	4.56517	3.72353	9.93915	8.29670	8.89279	8.39769	1.75717	8.90418	1.03782
0.76187	7.19901	9.40219	8.18119	6.97687	0.91791	1.83127	4.62635	4.22588	4.46206	3.22111	6.21307	9.47612	1.94102	0.13465	8.87245	2.76526	1.69448	8.85592	9.17335	0.05753	7.51552	3.71860	9.01316	7.05982	4.62030	2.36584	0.12053	6.29080	1.34411	9.57335	0.08927	2.87565	6.87383	8.41417	1.43180	5.00490	0.14470	0.70200	1.08049	1.85125	6.55347	3.76940	6.91502	8.21144	5.39582	1.92473	1.61036	0.19311	2.46822	4.54119	1.21300	7.87638	1.01996	6.56004	3.06618	4.97164	9.04215	9.10359	7.13003	1.04968	7.22864	4.27210	6.08035	3.47472	4.23712	7.36909	5.75014	8.37398	3.95638	8.02732	5.35306	8.36772	4.94357	4.84395	5.15167	9.81543	2.89501	7.46325	7.81654
3.76820	0.89685	0.40010	7.71188	4.17865	6.27148	3.18404	1.70617	7.96699	7.78173	2.58701	0.25230	3.02575	1.36796	8.67441	8.46766	5.22950	1.27012	4.64960	0.59026	3.62307	1.39406	1.10687	2.21506	1.94352	6.80362	1.08271	0.63970	5.05431	0.21322	0.65158	2.72640	2.26798	0.98110	0.86942	5.59500	7.85325	1.28165	5.04418	3.35672	7.41818	6.36604	5.16214	1.04063	9.72983	9.36888	2.86866	2.94302	6.72724	1.30194	8.71389	3.02180	9.67838	9.11584	8.91605	5.12570	8.94222	1.65562	9.79605	7.33862	7.73280	0.48882	5.68020	6.01825	6.01238	4.55642	6.76424	4.24320	9.11946	0.26221	8.65350	8.57756	0.72859	4.60864	4.98711	8.40516	5.61182	1.82323	6.22455	1.84943
7.46896	9.92412	9.16876	8.76269	1.91223	0.01042	9.45329	3.44645	4.33514	7.51659	2.04582	3.78246	3.00655	3.51836	2.22236	7.95600	1.11815	4.99654	2.61872	9.70507	4.99998	4.65963	9.05518	7.38450	7.87579	5.89971	3.74086	4.48652	3.80855	2.40890	8.40302	2.00154	4.50572	8.28826	4.28014	9.67869	5.83362	0.03268	9.67928	9.36808	0.79367	0.68883	3.58033	0.13579	8.90834	5.24719	1.66338	9.11998	1.25483	8.01270	6.39471	4.64544	9.31988	6.59544	5.30823	4.07567	2.11841	2.39979	2.59030	0.11996	3.41914	6.73431	8.95907	9.45523	5.03246	2.50635	0.22088	8.89135	5.28840	1.20126	1.46773	2.68238	5.62061	9.09165	8.18005	2.96199	9.19701	3.18475	4.19827	1.52358
9.96882	0.51053	9.67339	5.54667	2.86292	5.75120	3.82094	3.32580	3.89386	7.03500	9.95718	3.94412	1.95447	6.33768	2.63102	0.40722	4.62033	0.78840	1.88440	9.33872	7.91338	9.37537	8.83554	3.52960	6.35670	6.17654	2.76089	4.59817	3.94659	3.20363	4.80886	5.81347	4.31010	3.56035	0.20789	9.92201	0.90758	9.67525	1.31845	5.44072	5.31328	3.15274	2.94509	6.55541	6.89517	9.28749	9.78356	3.46696	0.84481	5.18987	5.83415	1.82763	3.93190	7.27183	4.04783	5.53051	1.20820	5.19960	9.20993	4.95444	5.61406	3.48102	6.24024	2.57846	6.58241	4.58861	1.49557	1.10213	4.38113	1.48825	1.15416	5.08730	1.29551	0.47834	1.67012	1.66979	1.33855	1.71652	4.27491	3.35649
3.82252	7.53244	0.02620	4.47048	4.51867	0.77410	1.65217	6.28894	4.66264	7.72200	5.39835	4.36603	2.82795	8.85904	6.22546	2.03480	2.77660	8.48856	6.34405	0.40125	4.85675	1.83141	2.53835	3.91985	6.59883	1.18150	5.94170	3.83411	9.07372	1.94084	4.91072	6.34424	9.81560	4.97501	3.29777	8.40497	7.09959	1.94119	1.09348	5.43963	3.00278	8.40300	9.96314	6.48669	1.53609	1.31715	2.84645	6.45442	2.37864	8.77974	8.64721	5.00977	4.57141	8.35713	8.53539	6.19991	9.30221	3.43039	0.86368	1.59786	9.83458	6.74445	7.10938	6.85881	3.94880	6.87575	2.74440	1.97172	5.39570	8.76377	7.48926	3.79438	6.18116	0.83628	2.69794	9.87741	3.12103	2.51670	8.08176	2.33256
8.97730	4.47959	5.25157	2.44494	8.34295	7.40939	3.82887	3.76720	0.75371	5.52338	4.63402	5.71224	7.23043	1.24386	5.58686	0.27996	4.09388	4.83720	5.20103	5.21406	7.48233	3.99057	6.03228	6.62028	1.75016	3.15541	9.69764	7.91447	0.44987	1.31542	5.48757	6.10994	4.58127	0.48332	6.06899	5.40850	9.08193	9.10760	2.72221	5.97548	9.44698	3.14336	7.79558	7.87710	8.36630	2.94967	2.94702	1.27673	7.54551	9.36696	3.72969	6.57032	4.70893	8.61005	6.52903	0.78844	7.73025	9.42651	4.95783	6.42035	1.98933	1.69491	1.09229	1.12623	0.81266	5.75795	9.68582	8.13922	5.49358	5.12760	3.15560	7.12143	8.55578	1.60867	4.42328	2.46337	1.32822	3.51086	9.70344	6.06360
3.73288	2.98790	5.71363	4.79929	1.29649	5.86741	1.69303	5.05626	5.88275	8.91684	9.02401	5.79527	5.88994	9.85641	9.27551	9.67892	2.15925	8.57546	8.38776	0.81849	8.17809	3.74544	5.38487	0.67945	2.91981	8.44955	0.49074	3.08692	7.09217	6.14816	8.48975	7.46641	9.81993	0.93789	5.88996	3.26844	3.38339	7.96028	3.91885	2.91375	6.66271	2.99387	0.53089	7.03057	2.08122	7.52762	0.39162	7.32079	2.11773	8.32028	2.45528	0.62902	6.35071	8.38065	4.10722	2.06219	2.20410	1.85361	2.74650	7.62318	0.30713	8.00499	5.45802	5.39681	9.08708	7.48890	2.31550	4.90465	1.18207	9.47269	1.37948	6.09780	7.63705	8.25965	6.92039	8.86033	8.29454	6.36875	5.59095	8.60760
7.48677	0.75452	3.66890	8.74735	9.99133	6.06311	6.95784	7.00103	3.41839	9.53163	9.59172	3.02294	6.28486	9.36755	2.41344	5.45421	0.37693	9.31278	7.09388	4.50020	0.84554	3.81365	1.40504	6.09078	6.17426	6.99961	6.77083	1.35445	0.09759	6.38093	9.57445	1.14216	5.40351	1.56102	1.95580	5.87781	6.95992	8.81881	3.16440	7.01858	6.87052	4.22628	2.73658	2.77239	5.75478	8.56275	9.38808	9.42138	9.72359	4.15835	0.63882	1.41468	5.08691	3.22854	2.99373	3.88433	6.96642	9.77380	4.38192	8.77279	0.91425	9.51341	2.48747	6.29536	4.76089	4.88937	6.42575	6.18867	6.76639	2.13160	7.56406	8.20629	9.81057	3.20493	9.41533	9.90984	2.21499	5.22418	8.32125	4.81083
6.90797	2.47613	5.90151	8.56362	3.00442	9.57769	8.71070	1.44317	8.29013	9.56314	0.79539	4.88325	3.34237	6.04911	9.64922	2.93394	7.58225	1.09026	5.35425	5.61570	7.03560	6.65019	0.35991	2.67780	0.79779	2.63117	9.28286	9.64475	4.42849	9.04200	6.80941	1.36206	0.04440	5.78168	7.70097	7.06105	7.69180	2.84200	9.31403	2.93166	4.00002	3.73792	1.73436	0.47387	8.95130	0.24832	4.32543	1.15263	7.58237	1.23217	8.96417	6.75701	4.40369	5.91719	4.49114	7.84542	5.22750	6.85179	0.54345	8.07675	0.89343	0.16154	8.30633	1.06423	7.39538	1.49828	6.51378	3.52680	2.28147	8.03083	2.17136	9.93972	4.72585	7.42616	1.45823	2.94502	5.62800	5.16881	5.41140	6.43704
0.34270	6.32290	0.87323	9.51442	3.58499	1.46096	6.85106	2.41410	5.34358	3.18560	0.67411	0.86439	8.40367	6.32162	3.66385	6.28239	9.87830	8.71165	1.86962	7.88876	5.95949	0.68649	9.67096	0.40874	4.76057	9.00905	8.47930	9.43884	2.21831	2.22630	5.80692	1.41830	6.01281	2.66890	8.19603	8.56430	2.22079	6.25350	6.34659	4.17717	3.51885	8.90378	4.49336	7.39494	3.21946	3.35625	6.02945	9.60698	6.48379	3.15599	2.77207	4.88266	8.66772	4.94510	7.80018	8.76656	0.98678	1.50104	4.23392	1.22479	1.22795	4.44058	0.91526	2.41118	5.86500	9.74095	1.86786	1.93945	2.68579	3.95966	8.02409	6.63264	3.54697	1.76084	3.24477	2.98709	9.30224	2.45457	3.31052	1.48231
8.87419	2.49095	0.84462	4.80630	5.07026	0.29091	5.42799	5.48784	3.71041	8.82351	1.65672	0.09055	6.02557	0.97001	5.60121	3.70600	5.16313	7.95446	5.52650	6.89805	5.57369	2.45817	4.72528	1.78536	1.34180	1.46072	2.98500	8.99124	9.31424	1.76292	3.78499	5.72222	8.59348	4.61942	9.03800	1.06056	5.24120	6.04212	5.56508	2.61214	7.27160	5.46911	2.08623	1.52475	5.61678	0.17896	1.34741	1.23666	9.06454	5.19457	7.48512	5.39321	1.26082	6.95773	3.89004	0.27648	9.76566	5.40323	0.62671	4.26445	7.02043	4.62667	0.54544	7.60549	3.91531	7.45128	9.40905	9.50938	7.23214	0.98072	6.62464	6.04079	8.69983	6.60664	9.52187	7.08231	3.79807	5.43265	9.79693	3.51086
8.68151	8.46640	6.79324	6.38887	7.15180	5.13407	4.07346	2.09025	5.81516	5.26442	4.83361	1.73628	5.41584	9.28024	6.23305	3.85763	5.57486	1.35405	0.98874	8.88886	2.54665	2.03724	9.35405	1.99255	3.23804	7.23328	9.28064	7.00794	5.36759	4.81288	4.54973	2.34286	5.21907	5.76771	9.30479	3.43945	5.59473	4.40679	3.02538	3.20076	1.21242	6.72196	1.89010	0.83881	5.74000	7.80510	7.35541	6.56577	4.38042	4.48091	8.92197	0.35415	0.73690	1.28763	1.64820	8.55547	3.34739	8.15353	1.47923	6.49004	1.66910	8.17666	0.93022	6.06237	1.73727	1.96444	1.20885	8.99369	1.99018	0.32621	3.13177	0.90497	6.27933	6.85172	3.13638	4.21448	1.57338	6.54711	4.85770	3.09455
0.83476	5.91076	6.53303	9.31617	6.39667	2.25322	8.25577	6.93358	3.16836	5.19746	4.73946	1.44417	8.04979	3.02550	8.59045	6.53966	9.62245	7.46298	1.98268	7.32759	4.71876	3.65197	5.02836	8.40368	9.06083	3.71375	5.34640	4.84735	4.36591	4.74419	4.11539	4.97796	1.26753	3.09487	1.87209	8.23601	8.30128	8.39045	2.48359	0.68312	1.44063	1.58285	6.92958	4.47704	0.74705	2.40792	1.50542	5.91447	7.94508	9.20131	4.68057	3.26133	8.74518	0.81466	6.82711	1.32382	8.08339	5.11489	2.52933	8.91374	6.17570	0.20883	6.88943	9.71837	4.37974	2.32728	4.54268	5.22411	6.15649	6.04525	5.54103	5.61694	6.59856	4.97704	8.43668	7.41584	6.50085	8.63587	2.49185	2.25720
1.29775	0.67964	1.57042	0.57387	1.57848	0.08961	0.19717	2.66935	5.05756	7.28657	7.65144	8.72362	8.35643	0.03509	1.33385	6.81803	6.97331	2.94885	5.38600	9.42703	6.14680	3.59161	7.87481	6.25654	5.14831	8.03184	5.35837	3.40921	1.13421	2.96267	6.82224	5.40592	3.12058	5.39082	2.40134	9.21517	7.85988	7.14222	9.96281	6.93181	8.12213	1.89157	3.10425	9.15023	9.48591	0.45914	9.97067	2.38138	1.49816	7.23789	5.18598	8.32996	9.59926	0.87445	6.71767	7.60420	7.19399	7.15206	8.39958	1.78369	6.85886	6.99240	7.07857	1.27984	6.52580	0.76007	9.84268	6.73652	8.68050	5.57919	9.41160	4.38539	1.57965	6.01619	1.04149	2.16350	6.65426	1.71912	9.13438	6.87952
8.19864	7.63758	0.48439	2.95383	7.00766	7.36064	0.51968	3.25040	6.98354	5.49385	5.33654	1.39928	9.62327	9.01335	0.46843	3.77162	0.21412	2.81302	8.25962	6.03586	5.36234	9.44260	3.01601	6.01654	0.21689	7.78982	9.62196	2.99857	6.96624	1.60483	0.25353	4.99754	0.29188	1.09046	4.02108	4.11425	8.76031	1.98611	5.96896	9.39610	7.18247	9.21201	5.30993	6.26019	4.41481	6.46568	9.09515	9.37940	4.61683	1.34029	2.39458	8.31975	5.34397	5.78712	3.94103	6.33337	3.97207	6.49115	6.87283	7.68393	1.38269	7.47643	7.52793	1.99525	3.36759	8.28681	7.08078	4.76584	9.67328	1.57980	6.45661	7.39728	8.24054	4.37333	2.58208	2.06502	9.52361	0.02397	0.76893	8.39275
3.56309	9.28223	3.02941	9.12068	8.83623	9.04004	8.79522	1.30344	0.16593	6.39245	3.13074	4.61683	5.65302	9.95717	5.79662	7.17066	7.12553	9.41832	7.68087	8.50295	8.37075	9.62215	5.20326	6.98189	9.67058	8.67591	6.74079	8.24841	2.86947	4.95171	7.82985	7.25339	5.80740	4.37483	1.20186	2.41476	2.15344	9.14176	8.11583	5.12112	2.81897	7.27439	4.81334	4.94567	8.97989	8.41111	6.55508	7.03386	5.67682	3.99930	9.28282	8.61507	3.13333	7.45652	7.67916	7.87272	1.56567	1.46788	5.30793	2.16623	0.02429	9.75926	3.74119	3.90090	1.71530	1.57853	8.69562	3.12471	7.49020	8.71067	7.44343	4.00306	3.54643	9.54472	9.59149	0.89412	9.96870	2.88186	2.70535	8.17981
5.30234	4.05677	7.22213	7.73797	5.55069	1.21843	9.79671	4.13955	0.26704	7.71037	1.91343	0.36438	6.42621	7.65018	0.14761	4.17717	8.55427	7.78074	2.18763	5.10618	4.98385	9.80900	1.97903	4.14705	1.69062	5.97783	9.39229	4.14284	2.60662	8.52951	6.05264	9.94600	3.07856	9.22390	2.27644	0.83096	0.86279	8.00860	7.62606	1.03838	4.02022	5.16310	3.25279	7.01918	1.95231	6.22375	0.03077	9.07040	2.82348	8.41376	8.90087	7.97094	9.05492	1.30229	3.03803	4.07738	3.67223	9.74602	7.04300	0.62894	5.50938	0.91504	9.47303	3.33716	2.86158	1.33699	8.77348	6.67176	2.22269	4.46998	2.32287	1.91166	0.66347	8.57636	6.75189	0.64128	8.10457	0.67373	8.98345	7.59625
4.01773	9.19856	5.34852	4.19721	8.51486	0.10328	9.68699	1.98590	5.65887	7.38866	2.53625	2.58839	6.83234	2.36473	6.09234	1.25319	1.13587	1.28670	8.79557	4.45826	6.48334	7.60033	7.52289	7.72409	0.58703	4.15884	0.66769	0.53872	1.75449	6.59610	4.38511	5.51548	5.91704	1.80436	2.17264	6.19013	8.77831	8.99832	1.91986	3.46279	9.78739	9.63058	3.79795	7.46109	7.93871	3.29436	2.60295	4.09152	5.43546	4.12454	3.64307	9.26095	7.38829	1.93093	4.32137	6.16471	3.02706	3.75669	9.20111	4.12461	7.72457	1.96511	2.74567	6.54823	8.33131	4.99866	8.60208	1.05824	5.33264	4.29923	4.20779	0.66000	4.65230	9.06245	5.06412	6.33682	4.92873	1.67040	8.85799	4.39774
6.04003	1.20187	6.93918	9.64336	8.09786	9.10865	2.61195	8.88942	2.66842	7.23437	5.18331	8.24755	0.99882	2.93535	7.91248	6.79500	6.07180	8.09249	4.26665	1.52495	7.44832	6.10973	8.58872	8.30466	2.80913	8.71277	4.41162	7.53132	3.27187	1.17979	9.86861	5.67349	6.29874	2.54881	1.70545	6.44974	8.40862	2.05457	5.68654	6.29925	5.29546	2.00593	7.78645	7.03089	7.26637	1.54132	0.88380	8.35717	9.03914	3.61961	1.22967	4.41089	9.42184	9.21980	3.66681	0.80139	8.02916	6.10396	0.62896	7.93288	1.36908	9.77606	1.24798	2.24515	0.32379	4.18401	1.80365	2.39127	8.65677	2.40524	4.71951	1.54122	8.12386	5.14227	1.71769	1.38400	0.87874	8.15671	7.36567	9.24081
2.44334	5.61636	2.07049	7.57528	4.68220	0.73401	2.24542	2.96187	1.84018	9.79860	6.31083	3.72809	1.30134	9.67319	1.82168	5.16016	3.91222	7.79904	5.02878	5.95082	9.52007	4.98498	3.69343	6.54973	8.67227	5.84697	8.35490	6.66207	5.49233	6.33317	7.27773	4.82451	5.52890	9.61962	2.31449	8.50020	8.42807	7.09192	1.92008	3.96497	6.58710	8.20113	3.57749	8.41746	2.09744	3.68859	0.68678	3.69027	2.56997	5.71869	1.60761	8.68682	0.52602	3.31246	1.25241	4.22587	6.43394	0.20156	1.91601	9.98813	0.12315	2.03226	9.88414	2.80759	5.67937	0.45807	6.18449	8.22456	7.86814	4.34778	5.51637	2.49088	1.38947	7.27898	1.95302	4.04616	7.50890	7.72952	5.33321	2.31692
9.65185	7.40897	2.39800	1.42008	3.09769	5.05680	7.98692	4.26551	4.39794	3.47145	9.28618	1.51200	9.98983	1.02204	0.57032	9.60862	4.00667	8.75176	8.54959	8.21525	5.50296	4.51231	2.62269	7.82056	2.96327	4.85126	5.50779	3.45529	5.37808	8.01505	6.61260	7.69919	3.65351	8.66452	4.80345	9.43037	9.51338	8.88268	0.57922	5.44515	4.52997	0.42164	5.23209	8.05957	8.29803	5.28322	3.60076	2.04802	5.65355	1.61548	6.71417	8.85471	3.28892	7.03714	8.24691	7.44710	3.00065	8.93273	3.51393	5.40744	8.97487	3.69783	2.50859	3.29118	9.85335	9.15666	6.93328	0.31582	4.34614	9.31535	6.67898	9.84736	0.15456	5.76049	1.53963	7.55219	9.47076	8.12429	0.35536	6.74164
9.21036	8.03600	0.57366	1.01516	8.54065	7.34744	7.64417	2.36749	0.07383	9.79948	9.29494	8.70647	7.81348	5.90824	2.48066	0.90820	0.70547	2.28079	5.36849	7.75680	2.10231	2.54447	8.39063	5.17990	1.34322	1.94840	8.54972	6.68558	6.22596	6.09202	0.93449	5.70175	2.16347	9.08833	6.09508	5.45634	6.07944	1.89835	7.74551	6.46742	5.31510	1.53773	6.63269	9.60512	1.74582	1.47423	9.13874	6.47319	5.10494	3.38803	4.26434	4.58657	1.82806	2.41622	6.37003	6.06883	1.37817	7.89810	7.04160	5.72760	5.35186	5.07394	2.88968	6.69941	8.28851	1.05015	0.04275	9.80837	4.38594	7.48687	3.09827	3.29222	8.48063	5.32619	0.04767	9.64899	0.81506	2.31351	2.95277	9.82133
3.85884	1.45281	0.24098	4.16881	5.81918	5.50594	0.56635	0.16816	2.81499	8.37065	8.66930	6.58032	8.54050	2.70473	6.11282	2.25360	1.07531	8.94770	7.97670	8.28633	2.79254	4.37572	1.24717	8.66886	2.21159	7.51343	1.63625	3.92003	7.43760	9.02342	5.50922	9.87611	3.29773	0.77659	2.17654	9.16364	6.22684	5.67185	1.57755	8.86171	5.17378	9.77213	7.37870	8.09767	1.66073	4.43465	4.68314	0.31651	3.20030	0.26257	9.38272	5.45392	5.63490	1.92887	9.33935	3.62571	5.36455	2.32177	7.44068	9.63703	9.73920	1.55001	1.34442	7.91491	2.03040	5.91283	1.12497	6.26817	6.05198	9.69008	9.71273	5.98035	1.03345	6.46384	0.65704	9.43302	5.36614	3.77830	5.62527	9.16397
0.63678	7.81488	8.34298	7.60024	0.15847	2.10933	5.20615	7.46227	2.58122	2.54330	2.61384	1.29040	5.27941	6.86465	1.17873	8.41084	2.90249	8.35706	0.84539	4.17830	0.99887	5.83316	0.97456	8.30166	4.36985	0.07617	1.04205	8.07059	6.44541	0.98287	7.68031	2.38575	4.35535	0.22471	4.96611	6.94064	6.97405	3.35723	9.03445	8.36670	5.11313	7.13969	5.50687	6.99624	6.41606	8.18903	8.15430	8.86015	4.77075	4.67624	9.49491	1.68016	7.75181	2.90911	0.24170	3.71778	4.00800	9.45157	2.43592	0.54180	7.65875	4.74614	0.86052	5.22429	1.26022	5.26426	2.62923	9.84636	7.22136	1.56702	6.06235	6.00265	9.14147	3.49816	6.88266	2.30235	0.37170	0.95929	6.53394	0.27301
2.86527	5.31279	0.84938	5.87981	4.95089	9.99005	5.92381	6.79174	4.09202	2.25583	7.09309	9.29661	9.26185	6.79554	1.17675	1.83577	2.27848	5.49729	5.76158	0.78883	2.91998	1.21774	7.28487	5.14869	1.32062	8.22059	6.11208	1.47194	6.25458	7.95602	3.70236	5.09525	7.67184	5.15454	0.26718	9.88092	2.49084	1.53095	2.28672	8.59387	5.46905	0.53426	8.54676	3.52777	5.63961	2.08928	4.74416	0.46355	9.91070	5.69830	6.35850	8.43725	7.93289	4.90966	3.89250	8.96231	6.30548	4.23934	5.65918	8.68599	1.73685	8.19932	7.40375	8.10933	9.32664	0.83677	9.19833	0.95979	2.82179	3.84818	0.15783	5.56982	6.94281	7.25967	4.77792	2.31124	9.59689	7.13327	5.00623	3.54644
8.52142	8.72486	3.11021	7.63747	0.17211	9.10783	7.38178	6.48251	6.75631	1.83905	0.92832	8.51434	9.35091	0.07698	1.92999	4.16126	2.49572	9.39289	1.30974	8.95728	2.22483	7.63373	1.55959	4.55533	2.97338	3.58680	5.84332	4.56788	6.81000	0.62027	8.20660	3.97213	2.93603	9.66979	0.70492	9.99259	1.35795	0.39511	9.04531	4.50241	9.79551	4.38454	9.15084	0.42180	5.19145	9.32375	1.84852	6.36792	0.11504	6.17099	8.32695	9.64128	7.52090	8.88528	1.86068	6.96694	1.71304	8.08964	3.28876	2.15200	2.28421	0.89281	1.33538	6.70478	9.36176	6.11594	1.69634	0.15266	3.73330	9.81896	5.98901	7.87780	8.27636	5.04890	1.49646	8.94782	7.84378	6.90314	6.30734	2.84806
9.19550	0.10931	2.14975	4.75374	1.90871	3.07631	0.30730	9.50987	0.00339	9.89353	7.67145	8.39662	9.02929	5.13946	9.15624	9.56203	1.13735	2.95619	4.64907	3.03607	3.81412	1.08345	2.60770	6.53399	1.68621	5.76728	9.73285	8.38327	1.29674	9.18329	6.88359	4.59700	5.81372	3.40679	8.71252	4.85481	4.54631	0.66952	0.41006	6.69286	7.47761	9.07171	3.37977	0.78490	3.51054	1.41430	7.43044	3.50265	2.94330	7.52711	2.64340	0.70481	8.68942	4.38409	5.29362	6.03981	6.98737	0.50914	3.32106	5.41159	7.76938	2.57702	3.72295	3.76230	3.86566	2.37387	2.27422	2.66320	6.55680	3.61443	9.39459	7.77596	6.06763	9.60135	6.87303	1.69695	3.52159	5.61411	6.35206	4.77440
0.26243	7.58163	0.01453	6.96058	4.15003	7.75240	3.58534	4.72865	5.20562	0.46148	5.99720	1.38859	2.26652	0.98138	6.56825	4.43166	9.08585	4.63616	5.70933	2.27841	9.33305	9.46900	1.09919	1.13949	4.23456	9.35373	3.82957	4.07190	7.19130	2.42855	7.32959	7.31799	5.21264	4.10135	4.06153	1.74867	2.07584	6.16127	6.62451	2.82288	6.90248	5.26145	8.08642	8.26145	9.84505	3.85912	6.85471	1.76523	1.76508	6.32736	7.50834	8.93481	1.42652	3.54163	2.45232	9.22741	5.30629	7.93794	9.29654	6.02596	7.73207	1.35998	6.04531	9.88505	4.78607	6.02846	9.10523	1.55778	6.70088	9.92821	3.24961	2.68752	7.65370	0.69029	9.73864	0.78183	8.78519	2.30139	4.31970	5.68822
1.49025	9.83059	0.89089	5.58560	1.53419	5.06227	0.32346	8.45488	9.35609	7.22465	7.27896	4.11828	6.30048	6.00560	0.38695	4.79799	8.93333	0.70999	9.50396	8.06428	1.32176	4.75072	1.28463	3.93160	3.64485	9.54759	1.85867	6.31173	2.88320	7.29305	0.32423	8.80070	9.01639	3.64597	6.48575	4.26045	1.55105	3.78454	3.64160	3.84979	9.34182	4.79449	1.77272	8.05966	1.04477	3.11957	7.20337	4.68265	5.83014	7.51850	1.39558	1.66826	1.26199	0.16211	0.92392	2.97630	5.39453	7.82979	4.97676	6.55994	4.45818	3.49707	8.31883	4.43944	2.37909	6.82751	2.96972	3.24255	2.00928	1.90875	9.54882	5.42003	5.14736	2.25780	1.50142	3.79759	7.04736	7.42651	9.24656	9.86462
8.03599	8.62098	2.06989	3.73762	7.73728	7.45070	7.60180	2.33257	4.26485	0.74506	9.97050	0.15036	9.90726	0.25687	5.72591	0.88242	0.11449	6.37259	8.99015	4.77896	9.77683	8.52350	1.87213	9.96486	6.49289	6.22380	5.98694	7.52282	5.26015	6.06448	3.15589	4.25552	7.33108	1.06026	7.57170	1.77097	8.95849	7.32987	8.09313	2.20203	7.16377	2.25078	6.92803	1.20901	6.30342	3.60217	3.47327	8.16147	0.11550	0.01296	2.32043	1.47113	1.89224	5.96420	4.40506	4.89375	3.49387	3.78612	6.27582	0.73448	1.78145	2.37776	1.88698	0.10432	1.38219	2.65487	8.70805	6.26006	3.16974	3.74668	6.87169	5.00005	1.47858	3.24928	5.11699	1.60955	4.51919	1.89465	0.12100	3.60441
2.55538	4.40926	5.09884	0.67959	8.65623	7.03929	1.85880	3.09158	7.75117	1.53309	4.35911	7.05573	3.66877	0.81735	7.23179	5.02170	5.15041	0.08314	8.95971	5.93784	8.20374	3.46794	4.87587	0.39644	8.71387	0.18761	5.76247	5.46295	2.69351	5.23536	7.81703	2.07296	5.44663	8.65972	3.48892	6.12452	4.50143	8.03202	2.04739	2.00043	7.91998	3.71123	4.94409	5.08315	5.64934	5.19640	1.83333	1.13948	4.99727	2.71734	5.69433	0.01779	6.05344	9.10176	3.14576	2.41548	8.66441	6.04831	7.55754	7.66856	2.89576	4.24418	8.37340	5.81672	3.69840	4.96077	2.97693	9.06655	6.07613	3.65666	4.06520	7.76402	6.85872	1.09276	9.29890	9.06683	1.83730	5.49967	0.13773	1.79226
8.46587	0.28509	4.63079	8.46283	6.08173	5.67400	2.58870	6.14390	5.61626	9.79011	2.26639	9.69857	5.45510	4.24472	2.19779	2.71973	3.87489	1.64878	8.11168	9.58120	9.52878	9.81707	8.35570	6.55823	6.44537	6.65555	9.95450	1.59095	4.03544	0.29081	4.02048	4.00165	7.70298	4.55429	7.55208	8.48774	6.77680	3.76893	0.86025	1.48009	2.32511	4.17110	4.01731	4.73860	4.33856	6.14529	7.74405	9.68005	6.49078	7.61110	5.78098	9.11971	5.62957	4.02928	3.71321	0.51444	7.53349	6.99868	1.62054	9.63912	1.11087	8.55548	1.99842	7.98729	8.12655	5.92888	4.90476	2.83483	7.12779	0.52886	8.89147	3.91862	4.65753	1.24911	1.07453	0.36156	3.71705	7.11666	7.20843	8.14224
7.07674	2.44936	8.19751	2.95967	1.25745	1.25987	3.28709	6.61931	3.43256	1.18428	8.53573	8.92438	8.38516	3.98867	2.86850	2.69626	9.06182	5.30642	9.61329	6.15834	5.48213	4.56307	8.86514	9.63650	3.08167	5.04919	4.20495	8.06909	8.92988	5.79723	3.59707	5.29743	1.97475	0.92183	5.11122	3.46049	5.68378	4.78646	3.50666	6.62920	5.15899	1.56214	2.48719	1.82646	4.73984	9.72152	8.63300	5.28797	4.62936	1.85121	0.40181	8.64767	1.68520	0.64638	9.32637	9.17383	1.57346	5.07213	6.99958	0.90498	2.90795	5.73379	0.72881	6.83127	9.48709	6.21623	2.28752	0.07178	8.12924	4.42027	3.42436	0.81340	8.97998	2.75204	0.63634	2.09483	7.14275	6.16778	0.73131	5.35437
7.67663	9.44877	6.97660	4.15656	6.92427	2.87204	7.66270	6.85462	4.58425	4.78959	8.55493	0.34940	6.84306	6.43838	4.81105	8.21354	2.79117	6.86185	8.26261	9.93305	3.65468	2.36316	4.64709	1.92952	0.80270	2.66972	6.63946	8.18318	6.11231	1.99476	0.22171	4.97614	3.93787	8.98858	3.77251	1.12805	6.96502	5.87957	4.02710	1.66001	2.77944	8.91023	0.44982	7.87380	5.66654	7.25769	4.32803	6.87144	6.49897	4.18047	0.01672	9.73583	0.52396	6.24475	5.33237	1.19894	3.22605	2.98281	6.69428	4.00567	6.94373	7.48094	8.29802	5.37932	8.09211	5.99978	2.30216	3.15935	1.36040	2.95256	3.35779	7.79740	5.96833	5.58185	3.82113	2.58124	9.25193	1.11264	7.58302	3.54034
0.92255	0.34184	4.03367	8.32594	8.73413	7.84758	5.31391	7.21654	5.63859	8.80513	0.93004	1.38667	8.08274	2.28304	4.51988	2.68586	5.74808	5.91615	2.60838	3.23987	8.75956	2.96323	3.13035	7.71089	1.26850	3.08582	2.95559	4.13277	1.67258	6.97534	3.01757	7.56297	2.44395	2.33368	4.70680	3.23025	6.87118	9.92047	8.20811	4.96716	8.34724	4.95060	9.63592	8.09158	9.92270	5.90850	8.51406	0.67820	1.71029	9.91236	7.94123	2.91468	7.74916	2.89411	6.99902	6.24270	9.21625	3.81649	2.16835	2.00506	3.04541	4.38762	5.75543	1.46278	6.62467	4.36150	5.82457	6.25055	2.70589	5.37420	9.13019	7.11113	0.92257	8.46759	9.03606	8.34132	5.54729	0.34856	8.09723	7.44784
5.58462	6.66427	6.54220	3.08293	5.04018	6.33978	9.81307	7.53448	3.98799	9.10730	5.75481	8.37805	6.02618	2.41191	8.28829	2.81711	0.08367	5.16982	5.91301	3.37288	5.25545	9.75601	9.53573	8.05654	1.00906	4.18693	6.41434	2.43779	3.78281	6.62356	4.96255	4.82992	8.28509	7.22311	0.04950	7.13367	8.22918	9.74769	5.23626	5.81976	3.45351	8.22694	1.67050	8.39528	0.21815	6.61879	7.72282	6.18802	5.51278	0.43319	2.36465	9.61061	0.69157	1.24860	3.94885	4.51017	6.13508	1.94084	0.94105	2.23055	6.82174	0.90231	7.39063	3.63088	6.06450	9.63109	6.39806	3.14450	6.50458	5.98539	2.63439	7.83733	6.66381	8.41751	1.71919	6.17178	7.13889	2.46299	1.07279	7.01904
7.56336	3.02538	9.93122	7.38780	8.20512	3.74182	7.79850	4.96639	5.40979	9.33526	5.68661	2.89432	1.91770	2.58775	3.88674	3.82746	2.07394	5.66061	8.42076	1.53476	4.44987	8.80663	8.99023	1.85353	0.95381	4.28338	6.65374	2.41491	8.86986	9.91453	2.46138	0.56636	0.67996	3.39630	5.75292	1.12043	6.84583	0.27665	3.20081	4.64686	6.77776	6.79796	5.81543	4.43824	5.68707	3.54931	1.06017	3.98725	4.39984	6.57097	1.96668	1.90587	0.63838	3.85499	9.35143	0.27529	9.84554	3.54582	3.53810	4.06986	9.86819	2.81627	0.06655	9.47604	1.28264	4.61745	2.87695	9.07555	6.68740	9.37119	5.27345	1.30480	9.18437	2.33362	1.00471	2.58236	9.78124	4.97756	0.69840	8.29492
8.67912	5.44384	4.15636	3.85044	5.39185	6.32706	6.58753	5.20038	0.62534	3.11436	7.42504	7.36401	7.62473	0.96263	4.77086	3.51608	0.04498	2.57076	3.50924	5.85897	6.14773	5.74218	8.28323	7.07515	0.22362	0.99583	4.23513	5.36951	3.83100	1.73100	9.44050	2.12697	2.84914	9.78343	0.07111	8.86345	7.00450	0.95044	6.24898	0.44027	8.33354	0.12939	3.43765	2.96419	0.95909	0.93981	3.03426	7.24291	2.55471	9.99876	4.64122	8.42190	0.82087	8.49841	2.08499	9.88500	3.46625	3.76990	7.31245	5.34497	6.41182	8.24260	4.13542	5.14496	3.11049	9.11690	6.15810	9.12596	2.82983	8.87500	3.31955	2.31499	1.54799	8.48948	5.93062	7.09736	3.48431	4.27874	8.90330	7.73860
2.25029	2.90957	2.41886	3.73057	0.94128	9.95172	6.99015	1.08960	8.66814	6.36653	0.68007	5.39480	5.51005	1.03414	5.61432	2.18811	3.17238	3.42857	0.76231	7.03752	3.30685	5.32055	9.11172	1.93244	5.27629	5.15604	5.32240	7.29473	3.44498	8.84360	3.07561	5.28792	8.84528	6.79893	0.46942	6.34446	5.72817	2.33685	9.23930	5.17962	3.31452	2.54349	9.35633	7.97535	5.01094	7.11821	0.43490	1.99707	5.55094	9.79139	8.22102	3.39243	0.05715	7.31536	5.08262	6.11366	6.37495	7.32578	0.63380	2.88104	8.92963	2.93763	3.91590	5.48685	7.58042	2.03875	0.18145	3.60460	8.48899	2.61683	7.81039	0.17119	3.64134	7.18012	6.67441	9.83263	9.90565	3.88828	8.74174	9.74138
3.25051	4.02779	9.19131	3.50227	0.36393	6.75297	3.50684	7.78670	4.07084	9.50338	8.00119	9.62593	5.57112	8.59939	5.99297	8.23899	3.65835	3.52812	9.43566	2.06239	3.63615	7.85936	9.11364	9.60319	3.36196	7.02714	4.53042	1.14262	1.49124	0.71021	1.98112	7.12596	9.36457	1.09562	4.54196	2.85009	9.53440	7.63363	0.31648	6.54092	3.28486	0.43877	3.14409	4.34858	8.38332	4.93939	9.58975	5.30376	1.01423	9.71449	4.86272	4.77619	4.02047	0.26388	3.05857	8.06292	3.20640	0.77988	2.62204	0.55002	1.36572	0.42835	4.88545	7.86279	0.51293	8.46558	8.97672	4.03545	6.12416	8.55622	3.79283	3.20069	5.41094	5.17665	4.50564	6.24439	2.42207	6.74653	8.15104	5.16796
